189,35
135,5
135,4
135,3
135,1
135,0
134,6
134,5
134,4
134,3
134,1
134,0
30,7
30,6
30,1
16,5
14,10
14,1
13,134
13,132
13,82
13,81
13,1
8,7
8,6
8,5
8,2
8,1
6,6
6,5
6,2
6,1
5,6
5,5
5,2
5,1
2,5
2,2
2,1
0,831
0,708
0,707
0,706
0,705
0,704
0,703
0,702
0,701
0,700
0,699
0,698
0,697
0,696
0,695
0,694
0,693
0,692
0,691
0,690
0,689
0,688
0,687
0,686
0,685
0,684
0,683
0,682
0,681
0,680
0,679
0,678
0,677
0,676
0,675
0,674
0,508
0,340
0,308
0,305
0,311
0,310
0,0
0,307
0,306
0,13
0,339
0,11
0,9
189,34
189,33
189,32
189,31
189,30
189,29
189,28
189,27
189,26
189,25
189,24
189,23
189,22
189,21
189,20
189,19
189,18
189,17
189,16
189,15
189,14
189,13
189,12
189,11
189,10
189,9
189,8
189,7
189,6
189,5
189,4
189,3
189,2
189,0
0,484
0,469
0,303
0,483
0,468
0,302
0,788
0,467
0,301
0,789
0,466
0,300
0,482
0,465
0,299
0,481
0,464
0,298
0,480
0,463
0,297
0,787
0,462
0,296
0,786
0,461
0,295
0,479
0,460
0,294
0,478
0,459
0,293
0,477
0,458
0,292
0,817
0,457
0,291
0,816
0,456
0,290
0,453
0,455
0,289
0,815
0,493
0,288
0,785
0,452
0,287
0,476
0,451
0,286
0,454
0,450
0,285
0,784
0,449
0,284
0,783
0,447
0,283
0,448
0,446
0,282
0,475
0,445
0,281
0,782
0,443
0,280
0,444
0,442
0,279
0,781
0,440
0,278
0,829
0,439
0,277
0,814
